
<table style="text-align:center"><caption><strong>Correlation Matrix</strong></caption>
<tr><td colspan="7" style="border-bottom: 1px solid black"></td></tr><tr><td style="text-align:left"></td><td>DiabetesRate</td><td>PerCapitaIncome</td><td>PhysicianDensity</td><td>ObesityRate</td><td>InactivityRate</td><td>PopulationDensity</td></tr>
<tr><td colspan="7" style="border-bottom: 1px solid black"></td></tr><tr><td style="text-align:left">DiabetesRate</td><td>1</td><td>0.093</td><td>0.175</td><td>0.428</td><td>0.467</td><td>-0.071</td></tr>
<tr><td style="text-align:left">PerCapitaIncome</td><td>0.093</td><td>1</td><td>0.288</td><td>0.177</td><td>-0.095</td><td>0.408</td></tr>
<tr><td style="text-align:left">PhysicianDensity</td><td>0.175</td><td>0.288</td><td>1</td><td>0.352</td><td>0.286</td><td>0.323</td></tr>
<tr><td style="text-align:left">ObesityRate</td><td>0.428</td><td>0.177</td><td>0.352</td><td>1</td><td>0.563</td><td>0.295</td></tr>
<tr><td style="text-align:left">InactivityRate</td><td>0.467</td><td>-0.095</td><td>0.286</td><td>0.563</td><td>1</td><td>0.087</td></tr>
<tr><td style="text-align:left">PopulationDensity</td><td>-0.071</td><td>0.408</td><td>0.323</td><td>0.295</td><td>0.087</td><td>1</td></tr>
<tr><td colspan="7" style="border-bottom: 1px solid black"></td></tr></table>
